4970
4971
2397
2396
1064
1061
1060
2391
2390
2306
3638
3639
12438
2303
12439
2302
2388
1056
12432
3630
4961
12433
3631
12430
12431
4964
12436
3634
4965
12437
3635
4966
2309
12434
2308
3636
4967
12435
3637
4968
12440
4981
4982
2320
1075
1074
1073
1072
1071
1070
12449
2315
1069
2310
4972
4974
4975
4976
4977
4978
4979
4991
4992
4993
3662
2331
1000
4983
4984
4985
4986
4987
4988
3658
4989
1011
1010
1008
1007
1006
1005
2335
1004
3663
3664
4995
3665
4996
4998
4999
1009
3689
1044
1043
1042
2373
2372
1041
2370
1039
1038
2368
3696
3697
1055
2385
1053
1051
2381
1050
2379
1047
1046
1045