670362
2281810
2298095
2280843
2283799
2288687
2302953
2301583
2302430
2277159
2285845
2304720
2282059
2303635
2305130
2304167
2279443
2291595
2291872
2290421
2287614
2283493
2277494
2305328
2302853
2286484
2302333
2304754
2285437
2300558
2304758
2283894
881969
2278584
2298678
2273212
880873
2291802
2289343
2288771
2301599
2285700
2298685
2299254
2291412
2279784
2299936
2298208
2288528
2301026
891553
2301149
2305221
2298730
361143
2302475
890591
2291149
2287427
2279363
2287661
2288992
891566
2298105
2299832
2283739
2304243
2299837
2299319
2291793
2290746
2284143
2282120
2300519
2287131
2288069
2301206
2281950
2303625
2273935
2300593
2292530
2291167
2278149
2302926
2287129
2285102
2301715
2282514
2304304
2303731
2281144
2282903
2299333
2275262
2290006
2290248